623,23
622,23
622,22
621,22
620,22
621,21
621,21
622,20
622,20
622,19
623,18
623,19
624,19
624,20
624,20
623,21
623,22
623,23
623,23
